0 0 0 0 0 0 0 0 0 0 0 0 0 0 0 0 0 0 0 0 0 0 0 0 0 0 0 0 0 0 0 0 
0 189 189 189 189 198 206 219 224 231 233 234 234 234 234 243 251 264 269 276 278 279 279 279 279 288 296 309 314 321 323 0 
0 324 324 333 341 354 359 366 368 369 369 369 369 378 386 399 404 411 413 414 414 414 414 423 431 444 449 456 458 459 459 0 
0 468 476 489 494 501 503 504 504 504 504 513 521 534 539 546 548 549 549 549 549 558 566 579 584 591 593 594 594 594 594 0 
0 624 629 636 638 639 639 639 639 648 656 669 674 681 683 684 684 684 684 693 701 714 719 726 728 729 729 729 729 738 746 0 
0 771 773 774 774 774 774 783 791 804 809 816 818 819 819 819 819 828 836 849 854 861 863 864 864 864 864 873 881 894 899 0 
0 909 909 909 909 918 926 939 944 951 953 954 954 954 954 963 971 984 989 996 998 999 999 999 999 1008 1016 1029 1034 1041 1043 0 
0 1044 1044 1053 1061 1074 1079 1086 1088 1089 1089 1089 1089 1098 1106 1119 1124 1131 1133 1134 1134 1134 1134 1143 1151 1164 1169 1176 1178 1179 1179 0 
0 1188 1196 1209 1214 1221 1223 1224 1224 1224 1224 1233 1241 1254 1259 1266 1268 1269 1269 1269 1269 1278 1286 1299 1304 1311 1313 1314 1314 1314 1314 0 
0 1344 1349 1356 1358 1359 1359 1359 1359 1368 1376 1389 1394 1401 1403 1404 1404 1404 1404 1413 1421 1434 1439 1446 1448 1449 1449 1449 1449 1458 1466 0 
0 1491 1493 1494 1494 1494 1494 1503 1511 1524 1529 1536 1538 1539 1539 1539 1539 1548 1556 1569 1574 1581 1583 1584 1584 1584 1584 1593 1601 1614 1619 0 
0 1629 1629 1629 1629 1638 1646 1659 1664 1671 1673 1674 1674 1674 1674 1683 1691 1704 1709 1716 1718 1719 1719 1719 1719 1728 1736 1749 1754 1761 1763 0 
0 1764 1764 1773 1781 1794 1799 1806 1808 1809 1809 1809 1809 1818 1826 1839 1844 1851 1853 1854 1854 1854 1854 1863 1871 1884 1889 1896 1898 1899 1899 0 
0 1908 1916 1929 1934 1941 1943 1944 1944 1944 1944 1953 1961 1974 1979 1986 1988 1989 1989 1989 1989 1998 2006 2019 2024 2031 2033 2034 2034 2034 2034 0 
0 2064 2069 2076 2078 2079 2079 2079 2079 2088 2096 2109 2114 2121 2123 2124 2124 2124 2124 2133 2141 2154 2159 2166 2168 2169 2169 2169 2169 2178 2186 0 
0 2211 2213 2214 2214 2214 2214 2223 2231 2244 2249 2256 2258 2259 2259 2259 2259 2268 2276 2289 2294 2301 2303 2304 2304 2304 2304 2313 2321 2334 2339 0 
0 2349 2349 2349 2349 2358 2366 2379 2384 2391 2393 2394 2394 2394 2394 2403 2411 2424 2429 2436 2438 2439 2439 2439 2439 2448 2456 2469 2474 2481 2483 0 
0 2484 2484 2493 2501 2514 2519 2526 2528 2529 2529 2529 2529 2538 2546 2559 2564 2571 2573 2574 2574 2574 2574 2583 2591 2604 2609 2616 2618 2619 2619 0 
0 2628 2636 2649 2654 2661 2663 2664 2664 2664 2664 2673 2681 2694 2699 2706 2708 2709 2709 2709 2709 2718 2726 2739 2744 2751 2753 2754 2754 2754 2754 0 
0 2784 2789 2796 2798 2799 2799 2799 2799 2808 2816 2829 2834 2841 2843 2844 2844 2844 2844 2853 2861 2874 2879 2886 2888 2889 2889 2889 2889 2898 2906 0 
0 2931 2933 2934 2934 2934 2934 2943 2951 2964 2969 2976 2978 2979 2979 2979 2979 2988 2996 3009 3014 3021 3023 3024 3024 3024 3024 3033 3041 3054 3059 0 
0 3069 3069 3069 3069 3078 3086 3099 3104 3111 3113 3114 3114 3114 3114 3123 3131 3144 3149 3156 3158 3159 3159 3159 3159 3168 3176 3189 3194 3201 3203 0 
0 3204 3204 3213 3221 3234 3239 3246 3248 3249 3249 3249 3249 3258 3266 3279 3284 3291 3293 3294 3294 3294 3294 3303 3311 3324 3329 3336 3338 3339 3339 0 
0 3348 3356 3369 3374 3381 3383 3384 3384 3384 3384 3393 3401 3414 3419 3426 3428 3429 3429 3429 3429 3438 3446 3459 3464 3471 3473 3474 3474 3474 3474 0 
0 3504 3509 3516 3518 3519 3519 3519 3519 3528 3536 3549 3554 3561 3563 3564 3564 3564 3564 3573 3581 3594 3599 3606 3608 3609 3609 3609 3609 3618 3626 0 
0 3651 3653 3654 3654 3654 3654 3663 3671 3684 3689 3696 3698 3699 3699 3699 3699 3708 3716 3729 3734 3741 3743 3744 3744 3744 3744 3753 3761 3774 3779 0 
0 3789 3789 3789 3789 3798 3806 3819 3824 3831 3833 3834 3834 3834 3834 3843 3851 3864 3869 3876 3878 3879 3879 3879 3879 3888 3896 3909 3914 3921 3923 0 
0 3924 3924 3933 3941 3954 3959 3966 3968 3969 3969 3969 3969 3978 3986 3999 4004 4011 4013 4014 4014 4014 4014 4023 4031 4044 4049 4056 4058 4059 4059 0 
0 4068 4076 4089 4094 4101 4103 4104 4104 4104 4104 4113 4121 4134 4139 4146 4148 4149 4149 4149 4149 4158 4166 4179 4184 4191 4193 4194 4194 4194 4194 0 
0 4224 4229 4236 4238 4239 4239 4239 4239 4248 4256 4269 4274 4281 4283 4284 4284 4284 4284 4293 4301 4314 4319 4326 4328 4329 4329 4329 4329 4338 4346 0 
0 4371 4373 4374 4374 4374 4374 4383 4391 4404 4409 4416 4418 4419 4419 4419 4419 4428 4436 4449 4454 4461 4463 4464 4464 4464 4464 4473 4481 4494 4499 0 
0 0 0 0 0 0 0 0 0 0 0 0 0 0 0 0 0 0 0 0 0 0 0 0 0 0 0 0 0 0 0 0 
